5
Maria
Hazosul
oftalmolog
3000
4
5
10 11 12 13 14 0 0 0 0 0 0 0 
4000 4001 4002 4003 4004 0 0 0 0 0 0 0 
10 11 12 13 14 0 0 0 0 0 0 0 
Deaconu
Albert
pediatru
7680
5
6
10 11 12 13 14 0 0 0 0 0 0 0 
4000 4001 4002 4003 4004 1542 0 0 0 0 0 0 
10 11 12 13 14 6 0 0 0 0 0 0 
Maria
Andreea
oftalmolog
3000
4
5
10 11 12 13 14 0 0 0 0 0 0 0 
4000 4001 4002 4003 4004 0 0 0 0 0 0 0 
10 11 12 13 14 0 0 0 0 0 0 0 
Victor
Botea
oftalmolog
6666
30
2
3 3 0 0 0 0 0 0 0 0 0 0 
4444 3333 0 0 0 0 0 0 0 0 0 0 
8 9 0 0 0 0 0 0 0 0 0 0 
Maria
Hazosul
oftalmolog
3000
4
5
10 11 12 13 14 0 0 0 0 0 0 0 
4000 4001 4002 4003 4004 0 0 0 0 0 0 0 
10 11 12 13 14 0 0 0 0 0 0 0 


