119
Hazosul
Maria
3000
4
5
10 11 12 13 14 0 0 0 0 0 0 0 
4000 4001 4002 4003 4004 0 0 0 0 0 0 0 
10 11 12 13 14 0 0 0 0 0 0 0 
Albert
Deaconu
7680
5
6
10 11 12 13 14 0 0 0 0 0 0 0 
4000 4001 4002 4003 4004 1542 0 0 0 0 0 0 
10 11 12 13 14 6 0 0 0 0 0 0 
Andreea
Maria
3000
4
5
10 11 12 13 14 0 0 0 0 0 0 0 
4000 4001 4002 4003 4004 0 0 0 0 0 0 0 
10 11 12 13 14 0 0 0 0 0 0 0 
Botea
Victor
6666
30
2
3 3 0 0 0 0 0 0 0 0 0 0 
4444 3333 0 0 0 0 0 0 0 0 0 0 
8 9 0 0 0 0 0 0 0 0 0 0 
Hazosul
Maria
3000
4
5
10 11 12 13 14 0 0 0 0 0 0 0 
4000 4001 4002 4003 4004 0 0 0 0 0 0 0 
10 11 12 13 14 0 0 0 0 0 0 0 
Hazosul
Maria
3000
4
5
10 11 12 13 14 0 0 0 0 0 0 0 
4000 4001 4002 4003 4004 0 0 0 0 0 0 0 
10 11 12 13 14 0 0 0 0 0 0 0 
Hazosul
Maria
3000
4
5
10 11 12 13 14 0 0 0 0 0 0 0 
4000 4001 4002 4003 4004 0 0 0 0 0 0 0 
10 11 12 13 14 0 0 0 0 0 0 0 
Hazosul
Maria
3000
4
5
10 11 12 13 14 0 0 0 0 0 0 0 
4000 4001 4002 4003 4004 0 0 0 0 0 0 0 
10 11 12 13 14 0 0 0 0 0 0 0 
Hazosul
Maria
3000
4
5
10 11 12 13 14 0 0 0 0 0 0 0 
4000 4001 4002 4003 4004 0 0 0 0 0 0 0 
10 11 12 13 14 0 0 0 0 0 0 0 
Hazosul
Maria
3000
4
5
10 11 12 13 14 0 0 0 0 0 0 0 
4000 4001 4002 4003 4004 0 0 0 0 0 0 0 
10 11 12 13 14 0 0 0 0 0 0 0 
Hazosul
Maria
3000
4
5
10 11 12 13 14 0 0 0 0 0 0 0 
4000 4001 4002 4003 4004 0 0 0 0 0 0 0 
10 11 12 13 14 0 0 0 0 0 0 0 
Hazosul
Maria
3000
4
5
10 11 12 13 14 0 0 0 0 0 0 0 
4000 4001 4002 4003 4004 0 0 0 0 0 0 0 
10 11 12 13 14 0 0 0 0 0 0 0 
Hazosul
Maria
3000
4
5
10 11 12 13 14 0 0 0 0 0 0 0 
4000 4001 4002 4003 4004 0 0 0 0 0 0 0 
10 11 12 13 14 0 0 0 0 0 0 0 
Hazosul
Maria
3000
4
5
10 11 12 13 14 0 0 0 0 0 0 0 
4000 4001 4002 4003 4004 0 0 0 0 0 0 0 
10 11 12 13 14 0 0 0 0 0 0 0 
Hazosul
Maria
3000
4
5
10 11 12 13 14 0 0 0 0 0 0 0 
4000 4001 4002 4003 4004 0 0 0 0 0 0 0 
10 11 12 13 14 0 0 0 0 0 0 0 
Hazosul
Maria
3000
4
5
10 11 12 13 14 0 0 0 0 0 0 0 
4000 4001 4002 4003 4004 0 0 0 0 0 0 0 
10 11 12 13 14 0 0 0 0 0 0 0 
Hazosul
Maria
3000
4
5
10 11 12 13 14 0 0 0 0 0 0 0 
4000 4001 4002 4003 4004 0 0 0 0 0 0 0 
10 11 12 13 14 0 0 0 0 0 0 0 
Hazosul
Maria
3000
4
5
10 11 12 13 14 0 0 0 0 0 0 0 
4000 4001 4002 4003 4004 0 0 0 0 0 0 0 
10 11 12 13 14 0 0 0 0 0 0 0 
Hazosul
Maria
3000
4
5
10 11 12 13 14 0 0 0 0 0 0 0 
4000 4001 4002 4003 4004 0 0 0 0 0 0 0 
10 11 12 13 14 0 0 0 0 0 0 0 
Hazosul
Maria
3000
4
5
10 11 12 13 14 0 0 0 0 0 0 0 
4000 4001 4002 4003 4004 0 0 0 0 0 0 0 
10 11 12 13 14 0 0 0 0 0 0 0 
Hazosul
Maria
3000
4
5
10 11 12 13 14 0 0 0 0 0 0 0 
4000 4001 4002 4003 4004 0 0 0 0 0 0 0 
10 11 12 13 14 0 0 0 0 0 0 0 
Hazosul
Maria
3000
4
5
10 11 12 13 14 0 0 0 0 0 0 0 
4000 4001 4002 4003 4004 0 0 0 0 0 0 0 
10 11 12 13 14 0 0 0 0 0 0 0 
Hazosul
Maria
3000
4
5
10 11 12 13 14 0 0 0 0 0 0 0 
4000 4001 4002 4003 4004 0 0 0 0 0 0 0 
10 11 12 13 14 0 0 0 0 0 0 0 
Hazosul
Maria
3000
4
5
10 11 12 13 14 0 0 0 0 0 0 0 
4000 4001 4002 4003 4004 0 0 0 0 0 0 0 
10 11 12 13 14 0 0 0 0 0 0 0 
Hazosul
Maria
3000
4
5
10 11 12 13 14 0 0 0 0 0 0 0 
4000 4001 4002 4003 4004 0 0 0 0 0 0 0 
10 11 12 13 14 0 0 0 0 0 0 0 
Hazosul
Maria
3000
4
5
10 11 12 13 14 0 0 0 0 0 0 0 
4000 4001 4002 4003 4004 0 0 0 0 0 0 0 
10 11 12 13 14 0 0 0 0 0 0 0 
Hazosul
Maria
3000
4
5
10 11 12 13 14 0 0 0 0 0 0 0 
4000 4001 4002 4003 4004 0 0 0 0 0 0 0 
10 11 12 13 14 0 0 0 0 0 0 0 
Hazosul
Maria
3000
4
5
10 11 12 13 14 0 0 0 0 0 0 0 
4000 4001 4002 4003 4004 0 0 0 0 0 0 0 
10 11 12 13 14 0 0 0 0 0 0 0 
Hazosul
Maria
3000
4
5
10 11 12 13 14 0 0 0 0 0 0 0 
4000 4001 4002 4003 4004 0 0 0 0 0 0 0 
10 11 12 13 14 0 0 0 0 0 0 0 
Hazosul
Maria
3000
4
5
10 11 12 13 14 0 0 0 0 0 0 0 
4000 4001 4002 4003 4004 0 0 0 0 0 0 0 
10 11 12 13 14 0 0 0 0 0 0 0 
Hazosul
Maria
3000
4
5
10 11 12 13 14 0 0 0 0 0 0 0 
4000 4001 4002 4003 4004 0 0 0 0 0 0 0 
10 11 12 13 14 0 0 0 0 0 0 0 
Hazosul
Maria
3000
4
5
10 11 12 13 14 0 0 0 0 0 0 0 
4000 4001 4002 4003 4004 0 0 0 0 0 0 0 
10 11 12 13 14 0 0 0 0 0 0 0 
Hazosul
Maria
3000
4
5
10 11 12 13 14 0 0 0 0 0 0 0 
4000 4001 4002 4003 4004 0 0 0 0 0 0 0 
10 11 12 13 14 0 0 0 0 0 0 0 
Hazosul
Maria
3000
4
5
10 11 12 13 14 0 0 0 0 0 0 0 
4000 4001 4002 4003 4004 0 0 0 0 0 0 0 
10 11 12 13 14 0 0 0 0 0 0 0 
Hazosul
Maria
3000
4
5
10 11 12 13 14 0 0 0 0 0 0 0 
4000 4001 4002 4003 4004 0 0 0 0 0 0 0 
10 11 12 13 14 0 0 0 0 0 0 0 
Hazosul
Maria
3000
4
5
10 11 12 13 14 0 0 0 0 0 0 0 
4000 4001 4002 4003 4004 0 0 0 0 0 0 0 
10 11 12 13 14 0 0 0 0 0 0 0 
Hazosul
Maria
3000
4
5
10 11 12 13 14 0 0 0 0 0 0 0 
4000 4001 4002 4003 4004 0 0 0 0 0 0 0 
10 11 12 13 14 0 0 0 0 0 0 0 
Hazosul
Maria
3000
4
5
10 11 12 13 14 0 0 0 0 0 0 0 
4000 4001 4002 4003 4004 0 0 0 0 0 0 0 
10 11 12 13 14 0 0 0 0 0 0 0 
Hazosul
Maria
3000
4
5
10 11 12 13 14 0 0 0 0 0 0 0 
4000 4001 4002 4003 4004 0 0 0 0 0 0 0 
10 11 12 13 14 0 0 0 0 0 0 0 
Hazosul
Maria
3000
4
5
10 11 12 13 14 0 0 0 0 0 0 0 
4000 4001 4002 4003 4004 0 0 0 0 0 0 0 
10 11 12 13 14 0 0 0 0 0 0 0 
Hazosul
Maria
3000
4
5
10 11 12 13 14 0 0 0 0 0 0 0 
4000 4001 4002 4003 4004 0 0 0 0 0 0 0 
10 11 12 13 14 0 0 0 0 0 0 0 
Hazosul
Maria
3000
4
5
10 11 12 13 14 0 0 0 0 0 0 0 
4000 4001 4002 4003 4004 0 0 0 0 0 0 0 
10 11 12 13 14 0 0 0 0 0 0 0 
Hazosul
Maria
3000
4
5
10 11 12 13 14 0 0 0 0 0 0 0 
4000 4001 4002 4003 4004 0 0 0 0 0 0 0 
10 11 12 13 14 0 0 0 0 0 0 0 
Hazosul
Maria
3000
4
5
10 11 12 13 14 0 0 0 0 0 0 0 
4000 4001 4002 4003 4004 0 0 0 0 0 0 0 
10 11 12 13 14 0 0 0 0 0 0 0 
Hazosul
Maria
3000
4
5
10 11 12 13 14 0 0 0 0 0 0 0 
4000 4001 4002 4003 4004 0 0 0 0 0 0 0 
10 11 12 13 14 0 0 0 0 0 0 0 
Hazosul
Maria
3000
4
5
10 11 12 13 14 0 0 0 0 0 0 0 
4000 4001 4002 4003 4004 0 0 0 0 0 0 0 
10 11 12 13 14 0 0 0 0 0 0 0 
Hazosul
Maria
3000
4
5
10 11 12 13 14 0 0 0 0 0 0 0 
4000 4001 4002 4003 4004 0 0 0 0 0 0 0 
10 11 12 13 14 0 0 0 0 0 0 0 
Hazosul
Maria
3000
4
5
10 11 12 13 14 0 0 0 0 0 0 0 
4000 4001 4002 4003 4004 0 0 0 0 0 0 0 
10 11 12 13 14 0 0 0 0 0 0 0 
Hazosul
Maria
3000
4
5
10 11 12 13 14 0 0 0 0 0 0 0 
4000 4001 4002 4003 4004 0 0 0 0 0 0 0 
10 11 12 13 14 0 0 0 0 0 0 0 
Hazosul
Maria
3000
4
5
10 11 12 13 14 0 0 0 0 0 0 0 
4000 4001 4002 4003 4004 0 0 0 0 0 0 0 
10 11 12 13 14 0 0 0 0 0 0 0 
Hazosul
Maria
3000
4
5
10 11 12 13 14 0 0 0 0 0 0 0 
4000 4001 4002 4003 4004 0 0 0 0 0 0 0 
10 11 12 13 14 0 0 0 0 0 0 0 
Hazosul
Maria
3000
4
5
10 11 12 13 14 0 0 0 0 0 0 0 
4000 4001 4002 4003 4004 0 0 0 0 0 0 0 
10 11 12 13 14 0 0 0 0 0 0 0 
Hazosul
Maria
3000
4
5
10 11 12 13 14 0 0 0 0 0 0 0 
4000 4001 4002 4003 4004 0 0 0 0 0 0 0 
10 11 12 13 14 0 0 0 0 0 0 0 
Hazosul
Maria
3000
4
5
10 11 12 13 14 0 0 0 0 0 0 0 
4000 4001 4002 4003 4004 0 0 0 0 0 0 0 
10 11 12 13 14 0 0 0 0 0 0 0 
Hazosul
Maria
3000
4
5
10 11 12 13 14 0 0 0 0 0 0 0 
4000 4001 4002 4003 4004 0 0 0 0 0 0 0 
10 11 12 13 14 0 0 0 0 0 0 0 
Hazosul
Maria
3000
4
5
10 11 12 13 14 0 0 0 0 0 0 0 
4000 4001 4002 4003 4004 0 0 0 0 0 0 0 
10 11 12 13 14 0 0 0 0 0 0 0 
Hazosul
Maria
3000
4
5
10 11 12 13 14 0 0 0 0 0 0 0 
4000 4001 4002 4003 4004 0 0 0 0 0 0 0 
10 11 12 13 14 0 0 0 0 0 0 0 
Hazosul
Maria
3000
4
5
10 11 12 13 14 0 0 0 0 0 0 0 
4000 4001 4002 4003 4004 0 0 0 0 0 0 0 
10 11 12 13 14 0 0 0 0 0 0 0 
Hazosul
Maria
3000
4
5
10 11 12 13 14 0 0 0 0 0 0 0 
4000 4001 4002 4003 4004 0 0 0 0 0 0 0 
10 11 12 13 14 0 0 0 0 0 0 0 
Hazosul
Maria
3000
4
5
10 11 12 13 14 0 0 0 0 0 0 0 
4000 4001 4002 4003 4004 0 0 0 0 0 0 0 
10 11 12 13 14 0 0 0 0 0 0 0 
Hazosul
Maria
3000
4
5
10 11 12 13 14 0 0 0 0 0 0 0 
4000 4001 4002 4003 4004 0 0 0 0 0 0 0 
10 11 12 13 14 0 0 0 0 0 0 0 
Hazosul
Maria
3000
4
5
10 11 12 13 14 0 0 0 0 0 0 0 
4000 4001 4002 4003 4004 0 0 0 0 0 0 0 
10 11 12 13 14 0 0 0 0 0 0 0 
Hazosul
Maria
3000
4
5
10 11 12 13 14 0 0 0 0 0 0 0 
4000 4001 4002 4003 4004 0 0 0 0 0 0 0 
10 11 12 13 14 0 0 0 0 0 0 0 
Hazosul
Maria
3000
4
5
10 11 12 13 14 0 0 0 0 0 0 0 
4000 4001 4002 4003 4004 0 0 0 0 0 0 0 
10 11 12 13 14 0 0 0 0 0 0 0 
Hazosul
Maria
3000
4
5
10 11 12 13 14 0 0 0 0 0 0 0 
4000 4001 4002 4003 4004 0 0 0 0 0 0 0 
10 11 12 13 14 0 0 0 0 0 0 0 
Hazosul
Maria
3000
4
5
10 11 12 13 14 0 0 0 0 0 0 0 
4000 4001 4002 4003 4004 0 0 0 0 0 0 0 
10 11 12 13 14 0 0 0 0 0 0 0 
Hazosul
Maria
3000
4
5
10 11 12 13 14 0 0 0 0 0 0 0 
4000 4001 4002 4003 4004 0 0 0 0 0 0 0 
10 11 12 13 14 0 0 0 0 0 0 0 
Hazosul
Maria
3000
4
5
10 11 12 13 14 0 0 0 0 0 0 0 
4000 4001 4002 4003 4004 0 0 0 0 0 0 0 
10 11 12 13 14 0 0 0 0 0 0 0 
Hazosul
Maria
3000
4
5
10 11 12 13 14 0 0 0 0 0 0 0 
4000 4001 4002 4003 4004 0 0 0 0 0 0 0 
10 11 12 13 14 0 0 0 0 0 0 0 
Hazosul
Maria
3000
4
5
10 11 12 13 14 0 0 0 0 0 0 0 
4000 4001 4002 4003 4004 0 0 0 0 0 0 0 
10 11 12 13 14 0 0 0 0 0 0 0 
Hazosul
Maria
3000
4
5
10 11 12 13 14 0 0 0 0 0 0 0 
4000 4001 4002 4003 4004 0 0 0 0 0 0 0 
10 11 12 13 14 0 0 0 0 0 0 0 
Hazosul
Maria
3000
4
5
10 11 12 13 14 0 0 0 0 0 0 0 
4000 4001 4002 4003 4004 0 0 0 0 0 0 0 
10 11 12 13 14 0 0 0 0 0 0 0 
Hazosul
Maria
3000
4
5
10 11 12 13 14 0 0 0 0 0 0 0 
4000 4001 4002 4003 4004 0 0 0 0 0 0 0 
10 11 12 13 14 0 0 0 0 0 0 0 
Hazosul
Maria
3000
4
5
10 11 12 13 14 0 0 0 0 0 0 0 
4000 4001 4002 4003 4004 0 0 0 0 0 0 0 
10 11 12 13 14 0 0 0 0 0 0 0 
Hazosul
Maria
3000
4
5
10 11 12 13 14 0 0 0 0 0 0 0 
4000 4001 4002 4003 4004 0 0 0 0 0 0 0 
10 11 12 13 14 0 0 0 0 0 0 0 
Hazosul
Maria
3000
4
5
10 11 12 13 14 0 0 0 0 0 0 0 
4000 4001 4002 4003 4004 0 0 0 0 0 0 0 
10 11 12 13 14 0 0 0 0 0 0 0 
Hazosul
Maria
3000
4
5
10 11 12 13 14 0 0 0 0 0 0 0 
4000 4001 4002 4003 4004 0 0 0 0 0 0 0 
10 11 12 13 14 0 0 0 0 0 0 0 
Hazosul
Maria
3000
4
5
10 11 12 13 14 0 0 0 0 0 0 0 
4000 4001 4002 4003 4004 0 0 0 0 0 0 0 
10 11 12 13 14 0 0 0 0 0 0 0 
Hazosul
Maria
3000
4
5
10 11 12 13 14 0 0 0 0 0 0 0 
4000 4001 4002 4003 4004 0 0 0 0 0 0 0 
10 11 12 13 14 0 0 0 0 0 0 0 
Hazosul
Maria
3000
4
5
10 11 12 13 14 0 0 0 0 0 0 0 
4000 4001 4002 4003 4004 0 0 0 0 0 0 0 
10 11 12 13 14 0 0 0 0 0 0 0 
Hazosul
Maria
3000
4
5
10 11 12 13 14 0 0 0 0 0 0 0 
4000 4001 4002 4003 4004 0 0 0 0 0 0 0 
10 11 12 13 14 0 0 0 0 0 0 0 
Hazosul
Maria
3000
4
5
10 11 12 13 14 0 0 0 0 0 0 0 
4000 4001 4002 4003 4004 0 0 0 0 0 0 0 
10 11 12 13 14 0 0 0 0 0 0 0 
Hazosul
Maria
3000
4
5
10 11 12 13 14 0 0 0 0 0 0 0 
4000 4001 4002 4003 4004 0 0 0 0 0 0 0 
10 11 12 13 14 0 0 0 0 0 0 0 
Hazosul
Maria
3000
4
5
10 11 12 13 14 0 0 0 0 0 0 0 
4000 4001 4002 4003 4004 0 0 0 0 0 0 0 
10 11 12 13 14 0 0 0 0 0 0 0 
Hazosul
Maria
3000
4
5
10 11 12 13 14 0 0 0 0 0 0 0 
4000 4001 4002 4003 4004 0 0 0 0 0 0 0 
10 11 12 13 14 0 0 0 0 0 0 0 
Hazosul
Maria
3000
4
5
10 11 12 13 14 0 0 0 0 0 0 0 
4000 4001 4002 4003 4004 0 0 0 0 0 0 0 
10 11 12 13 14 0 0 0 0 0 0 0 
Hazosul
Maria
3000
4
5
10 11 12 13 14 0 0 0 0 0 0 0 
4000 4001 4002 4003 4004 0 0 0 0 0 0 0 
10 11 12 13 14 0 0 0 0 0 0 0 
Hazosul
Maria
3000
4
5
10 11 12 13 14 0 0 0 0 0 0 0 
4000 4001 4002 4003 4004 0 0 0 0 0 0 0 
10 11 12 13 14 0 0 0 0 0 0 0 
Hazosul
Maria
3000
4
5
10 11 12 13 14 0 0 0 0 0 0 0 
4000 4001 4002 4003 4004 0 0 0 0 0 0 0 
10 11 12 13 14 0 0 0 0 0 0 0 
Hazosul
Maria
3000
4
5
10 11 12 13 14 0 0 0 0 0 0 0 
4000 4001 4002 4003 4004 0 0 0 0 0 0 0 
10 11 12 13 14 0 0 0 0 0 0 0 
Hazosul
Maria
3000
4
5
10 11 12 13 14 0 0 0 0 0 0 0 
4000 4001 4002 4003 4004 0 0 0 0 0 0 0 
10 11 12 13 14 0 0 0 0 0 0 0 
Hazosul
Maria
3000
4
5
10 11 12 13 14 0 0 0 0 0 0 0 
4000 4001 4002 4003 4004 0 0 0 0 0 0 0 
10 11 12 13 14 0 0 0 0 0 0 0 
Hazosul
Maria
3000
4
5
10 11 12 13 14 0 0 0 0 0 0 0 
4000 4001 4002 4003 4004 0 0 0 0 0 0 0 
10 11 12 13 14 0 0 0 0 0 0 0 
Hazosul
Maria
3000
4
5
10 11 12 13 14 0 0 0 0 0 0 0 
4000 4001 4002 4003 4004 0 0 0 0 0 0 0 
10 11 12 13 14 0 0 0 0 0 0 0 
Hazosul
Maria
3000
4
5
10 11 12 13 14 0 0 0 0 0 0 0 
4000 4001 4002 4003 4004 0 0 0 0 0 0 0 
10 11 12 13 14 0 0 0 0 0 0 0 
Hazosul
Maria
3000
4
5
10 11 12 13 14 0 0 0 0 0 0 0 
4000 4001 4002 4003 4004 0 0 0 0 0 0 0 
10 11 12 13 14 0 0 0 0 0 0 0 
Hazosul
Maria
3000
4
5
10 11 12 13 14 0 0 0 0 0 0 0 
4000 4001 4002 4003 4004 0 0 0 0 0 0 0 
10 11 12 13 14 0 0 0 0 0 0 0 
Hazosul
Maria
3000
4
5
10 11 12 13 14 0 0 0 0 0 0 0 
4000 4001 4002 4003 4004 0 0 0 0 0 0 0 
10 11 12 13 14 0 0 0 0 0 0 0 
Hazosul
Maria
3000
4
5
10 11 12 13 14 0 0 0 0 0 0 0 
4000 4001 4002 4003 4004 0 0 0 0 0 0 0 
10 11 12 13 14 0 0 0 0 0 0 0 
Hazosul
Maria
3000
4
5
10 11 12 13 14 0 0 0 0 0 0 0 
4000 4001 4002 4003 4004 0 0 0 0 0 0 0 
10 11 12 13 14 0 0 0 0 0 0 0 
Hazosul
Maria
3000
4
5
10 11 12 13 14 0 0 0 0 0 0 0 
4000 4001 4002 4003 4004 0 0 0 0 0 0 0 
10 11 12 13 14 0 0 0 0 0 0 0 
Hazosul
Maria
3000
4
5
10 11 12 13 14 0 0 0 0 0 0 0 
4000 4001 4002 4003 4004 0 0 0 0 0 0 0 
10 11 12 13 14 0 0 0 0 0 0 0 
Hazosul
Maria
3000
4
5
10 11 12 13 14 0 0 0 0 0 0 0 
4000 4001 4002 4003 4004 0 0 0 0 0 0 0 
10 11 12 13 14 0 0 0 0 0 0 0 
Hazosul
Maria
3000
4
5
10 11 12 13 14 0 0 0 0 0 0 0 
4000 4001 4002 4003 4004 0 0 0 0 0 0 0 
10 11 12 13 14 0 0 0 0 0 0 0 
Hazosul
Maria
3000
4
5
10 11 12 13 14 0 0 0 0 0 0 0 
4000 4001 4002 4003 4004 0 0 0 0 0 0 0 
10 11 12 13 14 0 0 0 0 0 0 0 
Hazosul
Maria
3000
4
5
10 11 12 13 14 0 0 0 0 0 0 0 
4000 4001 4002 4003 4004 0 0 0 0 0 0 0 
10 11 12 13 14 0 0 0 0 0 0 0 
Hazosul
Maria
3000
4
5
10 11 12 13 14 0 0 0 0 0 0 0 
4000 4001 4002 4003 4004 0 0 0 0 0 0 0 
10 11 12 13 14 0 0 0 0 0 0 0 
Hazosul
Maria
3000
4
5
10 11 12 13 14 0 0 0 0 0 0 0 
4000 4001 4002 4003 4004 0 0 0 0 0 0 0 
10 11 12 13 14 0 0 0 0 0 0 0 
Hazosul
Maria
3000
4
5
10 11 12 13 14 0 0 0 0 0 0 0 
4000 4001 4002 4003 4004 0 0 0 0 0 0 0 
10 11 12 13 14 0 0 0 0 0 0 0 
Hazosul
Maria
3000
4
5
10 11 12 13 14 0 0 0 0 0 0 0 
4000 4001 4002 4003 4004 0 0 0 0 0 0 0 
10 11 12 13 14 0 0 0 0 0 0 0 
Hazosul
Maria
3000
4
5
10 11 12 13 14 0 0 0 0 0 0 0 
4000 4001 4002 4003 4004 0 0 0 0 0 0 0 
10 11 12 13 14 0 0 0 0 0 0 0 
Hazosul
Maria
3000
4
5
10 11 12 13 14 0 0 0 0 0 0 0 
4000 4001 4002 4003 4004 0 0 0 0 0 0 0 
10 11 12 13 14 0 0 0 0 0 0 0 
Hazosul
Maria
3000
4
5
10 11 12 13 14 0 0 0 0 0 0 0 
4000 4001 4002 4003 4004 0 0 0 0 0 0 0 
10 11 12 13 14 0 0 0 0 0 0 0 
Hazosul
Maria
3000
4
5
10 11 12 13 14 0 0 0 0 0 0 0 
4000 4001 4002 4003 4004 0 0 0 0 0 0 0 
10 11 12 13 14 0 0 0 0 0 0 0 
Grigoras
Constantin
7879
23
6
0 0 0 0 0 0 0 0 0 0 0 0 
1542 1542 1542 1542 1542 1542 0 0 0 0 0 0 
6 6 6 6 6 6 0 0 0 0 0 0 
Vlad
Sfetcu
5000
22
5
10 11 12 13 14 0 0 0 0 0 0 0 
4000 4001 4002 4003 4004 0 0 0 0 0 0 0 
10 11 12 13 14 0 0 0 0 0 0 0 
Costin
Sfetcu
5000
22
5
10 11 12 13 14 0 0 0 0 0 0 0 
4000 4001 4002 4003 4004 0 0 0 0 0 0 0 
10 11 12 13 14 0 0 0 0 0 0 0 
Nae
Corina
54667
40
2
5 8 0 0 0 0 0 0 0 0 0 0 
5435 6545 0 0 0 0 0 0 0 0 0 0 
9 8 0 0 0 0 0 0 0 0 0 0 
Stamate
Hellen
65465
30
3
4 6 5 0 0 0 0 0 0 0 0 0 
56646 56546 54654 0 0 0 0 0 0 0 0 0 
6 8 7 0 0 0 0 0 0 0 0 0 
