5
Constantin
Grigoras
7879
23
6
0 0 0 0 0 0 0 0 0 0 0 0 
1542 1542 1542 1542 1542 1542 0 0 0 0 0 0 
6 6 6 6 6 6 0 0 0 0 0 0 6
Maria
Andreea
oftalmolog
3000
4
5
10 11 12 13 14 0 0 0 0 0 0 0 
4000 4001 4002 4003 4004 0 0 0 0 0 0 0 
10 11 12 13 14 0 0 0 0 0 0 0 
Maria
Andreea
oftalmolog
3000
4
5
10 11 12 13 14 0 0 0 0 0 0 0 
4000 4001 4002 4003 4004 0 0 0 0 0 0 0 
10 11 12 13 14 0 0 0 0 0 0 0 
Maria
Andreea
oftalmolog
3000
4
5
10 11 12 13 14 0 0 0 0 0 0 0 
4000 4001 4002 4003 4004 0 0 0 0 0 0 0 
10 11 12 13 14 0 0 0 0 0 0 0 
Maria
Hazosul
oftalmolog
3000
4
5
10 11 12 13 14 0 0 0 0 0 0 0 
4000 4001 4002 4003 4004 0 0 0 0 0 0 0 
10 11 12 13 14 0 0 0 0 0 0 0 
Deaconu
Albert
pediatru
7680
5
6
10 11 12 13 14 0 0 0 0 0 0 0 
4000 4001 4002 4003 4004 1542 0 0 0 0 0 0 
10 11 12 13 14 6 0 0 0 0 0 0 
Maria
Andreea
oftalmolog
3000
4
5
10 11 12 13 14 0 0 0 0 0 0 0 
4000 4001 4002 4003 4004 0 0 0 0 0 0 0 
10 11 12 13 14 0 0 0 0 0 0 0 
30

Sfetcu
Vlad
5000
22
5
10 11 12 13 14 0 0 0 0 0 0 0 
4000 4001 4002 4003 4004 0 0 0 0 0 0 0 
10 11 12 13 14 0 0 0 0 0 0 0 4
Maria
Andreea
oftalmolog
3000
4
5
10 11 12 13 14 0 0 0 0 0 0 0 
4000 4001 4002 4003 4004 0 0 0 0 0 0 0 
10 11 12 13 14 0 0 0 0 0 0 0 
Maria
Andreea
oftalmolog
3000
4
5
10 11 12 13 14 0 0 0 0 0 0 0 
4000 4001 4002 4003 4004 0 0 0 0 0 0 0 
10 11 12 13 14 0 0 0 0 0 0 0 
Maria
Andreea
oftalmolog
3000
4
5
10 11 12 13 14 0 0 0 0 0 0 0 
4000 4001 4002 4003 4004 0 0 0 0 0 0 0 
10 11 12 13 14 0 0 0 0 0 0 0 
Maria
Hazosul
oftalmolog
3000
4
5
10 11 12 13 14 0 0 0 0 0 0 0 
4000 4001 4002 4003 4004 0 0 0 0 0 0 0 
10 11 12 13 14 0 0 0 0 0 0 0 
30

Sfetcu
Costin
5000
22
5
10 11 12 13 14 0 0 0 0 0 0 0 
4000 4001 4002 4003 4004 0 0 0 0 0 0 0 
10 11 12 13 14 0 0 0 0 0 0 0 3
Maria
Andreea
oftalmolog
3000
4
5
10 11 12 13 14 0 0 0 0 0 0 0 
4000 4001 4002 4003 4004 0 0 0 0 0 0 0 
10 11 12 13 14 0 0 0 0 0 0 0 
Maria
Andreea
oftalmolog
3000
4
5
10 11 12 13 14 0 0 0 0 0 0 0 
4000 4001 4002 4003 4004 0 0 0 0 0 0 0 
10 11 12 13 14 0 0 0 0 0 0 0 
Maria
Andreea
oftalmolog
3000
4
5
10 11 12 13 14 0 0 0 0 0 0 0 
4000 4001 4002 4003 4004 0 0 0 0 0 0 0 
10 11 12 13 14 0 0 0 0 0 0 0 
30

Corina
Nae
54667
40
2
5 8 0 0 0 0 0 0 0 0 0 0 
5435 6545 0 0 0 0 0 0 0 0 0 0 
9 8 0 0 0 0 0 0 0 0 0 0 1
Costin
Sandu
medic generalist
487878
43
3
9 8 7 0 0 0 0 0 0 0 0 0 
7767 8778 6765 0 0 0 0 0 0 0 0 0 
9 9 9 0 0 0 0 0 0 0 0 0 
78

Hellen
Stamate
65465
30
3
4 6 5 0 0 0 0 0 0 0 0 0 
56646 56546 54654 0 0 0 0 0 0 0 0 0 
6 8 7 0 0 0 0 0 0 0 0 0 1
Dragos
Petru
urolog
355466
45
2
9 8 0 0 0 0 0 0 0 0 0 0 
5000 4444 0 0 0 0 0 0 0 0 0 0 
6 8 0 0 0 0 0 0 0 0 0 0 
10

